IMG_3278.JPG (4032x3024)
[[-6.73040976e-01 -1.64780973e-01 -9.12017594e-02]
 [-8.56749191e-02  1.29865838e+00  6.93371446e-01]
 [ 8.79611904e-04  4.07116599e-01 -2.24869474e+00]]


IMG_3279.JPG (4032x3024)
[[-0.66449304 -0.19823038 -0.16128235]
 [-0.10564656  1.30585151  0.69273132]
 [ 0.01504299  0.41454621 -2.25927841]]


IMG_3280.JPG (4032x3024)
[[-0.64892036 -0.20601804 -0.22020936]
 [-0.11075891  1.31886855  0.69655354]
 [ 0.02906594  0.42617386 -2.26205723]]


IMG_3281.JPG (4032x3024)
[[-0.62246149 -0.20166179 -0.28631957]
 [-0.11198941  1.28904852  0.69120442]
 [ 0.0447354   0.42098831 -2.25359165]]


IMG_3282.JPG (4032x3024)
[[-0.59765988 -0.21614485 -0.37405184]
 [-0.12090514  1.28680108  0.68215682]
 [ 0.0623307   0.42354341 -2.26340322]]


IMG_3283.JPG (4032x3024)
[[-0.57025397 -0.22069589 -0.44226518]
 [-0.12454689  1.260134    0.66113811]
 [ 0.07532979  0.41275923 -2.25489502]]


IMG_3284.JPG (4032x3024)
[[-0.50396277 -0.22961034 -0.46594123]
 [-0.11640013  1.24259775  0.63549207]
 [ 0.07203101  0.40154211 -2.23300599]]


IMG_3285.JPG (4032x3024)
[[-0.48133704 -0.22654618 -0.52844226]
 [-0.11523409  1.22671006  0.6083541 ]
 [ 0.08291776  0.38970846 -2.22215005]]


IMG_3286.JPG (4032x3024)
[[-0.44482103 -0.2326605  -0.59456779]
 [-0.11505234  1.20439239  0.57783883]
 [ 0.09123799  0.38444377 -2.17008882]]


IMG_3287.JPG (4032x3024)
[[-0.36773411 -0.22540241 -0.65468964]
 [-0.09874387  1.17421831  0.54628553]
 [ 0.08847006  0.37367116 -2.11155469]]


IMG_3288.JPG (4032x3024)
[[-0.41003835 -0.23248841 -0.78057966]
 [-0.12060369  1.18863761  0.52347119]
 [ 0.12390814  0.38758487 -2.07359299]]


IMG_3289.JPG (4032x3024)
[[-0.36801677 -0.2388784  -0.84694457]
 [-0.11577457  1.17439967  0.49417913]
 [ 0.12499652  0.3844456  -2.03586819]]


IMG_3290.JPG (4032x3024)
[[-0.32114639 -0.22240365 -0.94504843]
 [-0.10650192  1.10394523  0.45937199]
 [ 0.12797745  0.36059607 -1.98921676]]


IMG_3291.JPG (4032x3024)
[[-0.29770483 -0.24671069 -1.0620545 ]
 [-0.11090105  1.16131873  0.43134011]
 [ 0.13951982  0.39667841 -1.92333014]]


IMG_3292.JPG (4032x3024)
[[-0.24529367 -0.25098837 -1.11713915]
 [-0.09578495  1.16082116  0.41157649]
 [ 0.12391726  0.40045537 -1.89323377]]


IMG_3293.JPG (4032x3024)
[[-0.13851865 -0.24038363 -1.15433658]
 [-0.05521593  1.13807864  0.3878761 ]
 [ 0.07543584  0.39162364 -1.83573473]]


IMG_3294.JPG (4032x3024)
[[-0.10315215 -0.23842894 -1.21342987]
 [-0.04242022  1.13336176  0.36657839]
 [ 0.0604351   0.38856561 -1.81380622]]


IMG_3295.JPG (4032x3024)
[[-0.05344609 -0.2346754  -1.27035295]
 [-0.02253315  1.12245042  0.34718021]
 [ 0.03336989  0.38207692 -1.8001955 ]]


IMG_3296.JPG (4032x3024)
[[ 0.03008112 -0.23827042 -1.33543086]
 [ 0.01327845  1.14948145  0.34772053]
 [-0.02002384  0.40431249 -1.77558693]]


IMG_3297.JPG (4032x3024)
[[ 0.11961374 -0.20173497 -1.43411155]
 [ 0.05361579  1.1252069   0.36848136]
 [-0.08834728  0.40973057 -1.7180271 ]]


IMG_3298.JPG (4032x3024)
[[ 0.14033215 -0.15778467 -1.66339231]
 [ 0.06496071  1.03461944  0.34810093]
 [-0.12353025  0.36482844 -1.7065824 ]]


IMG_3299.JPG (4032x3024)
[[ 0.22385093 -0.17188088 -1.71250905]
 [ 0.10907903  1.0624184   0.33068493]
 [-0.20404911  0.37937862 -1.70192335]]


IMG_3300.JPG (4032x3024)
[[ 0.1775131  -0.16030469 -1.84009844]
 [ 0.09287042  1.0831473   0.31489044]
 [-0.1836538   0.39278342 -1.61933804]]


IMG_3301.JPG (4032x3024)
[[ 0.16806578 -0.17375823 -2.04946394]
 [ 0.10328301  1.12332934  0.26769912]
 [-0.20463023  0.42426784 -1.5481388 ]]


IMG_3302.JPG (4032x3024)
[[ 0.21414331 -0.15535002 -2.17032743]
 [ 0.14186893  1.14816316  0.27103028]
 [-0.29194267  0.44399644 -1.46025359]]


IMG_3303.JPG (4032x3024)
[[ 0.16001313 -0.13743495 -2.42011481]
 [ 0.12449768  1.15770412  0.24348994]
 [-0.26635711  0.45855761 -1.34006643]]


IMG_3304.JPG (4032x3024)
[[ 0.25238376 -0.16522206 -2.3766246 ]
 [ 0.20461767  1.20705652  0.20843966]
 [-0.42134703  0.48721296 -1.32235658]]


IMG_3305.JPG (4032x3024)
[[ 0.28627132 -0.18903124 -2.41274496]
 [ 0.25571027  1.23828806  0.15750092]
 [-0.5121038   0.51264754 -1.270104  ]]


IMG_3306.JPG (4032x3024)
[[ 0.34215857 -0.18127199 -2.42161754]
 [ 0.31552237  1.27068702  0.1722023 ]
 [-0.63159132  0.5365913  -1.22586157]]


IMG_3307.JPG (4032x3024)
[[ 0.22324309 -0.17760008 -2.70206396]
 [ 0.27188245  1.32043929  0.09576085]
 [-0.55136379  0.57921155 -1.04682503]]


IMG_3308.JPG (4032x3024)
[[ 0.1212158  -0.21834544 -2.88707118]
 [ 0.21086631  1.3331493  -0.08539483]
 [-0.4259171   0.59788478 -0.86393698]]


IMG_3309.JPG (4032x3024)
[[ 0.17875336 -0.1906466  -2.91845451]
 [ 0.32669369  1.38392974 -0.03364031]
 [-0.6608834   0.63255092 -0.80600245]]


IMG_3310.JPG (4032x3024)
[[ 0.17201868 -0.1494873  -2.98839278]
 [ 0.36332689  1.33441434 -0.02198422]
 [-0.75778085  0.60586647 -0.68891534]]


IMG_3311.JPG (4032x3024)
[[ 0.12339074 -0.17589397 -3.03264546]
 [ 0.37349045  1.40286326 -0.11742236]
 [-0.75464718  0.6655459  -0.55397611]]


IMG_3312.JPG (4032x3024)
[[ 0.09023798 -0.16032443 -3.15468602]
 [ 0.37913442  1.35383528 -0.16577747]
 [-0.784964    0.63546633 -0.44272659]]


IMG_3313.JPG (4032x3024)
[[ 0.09127778 -0.16020894 -3.12455464]
 [ 0.44072031  1.31710444 -0.19744717]
 [-0.93577925  0.60468445 -0.39776622]]


IMG_3314.JPG (4032x3024)
[[-0.07438918 -0.13721505 -2.93862018]
 [ 0.46150966  1.40820834 -0.33141368]
 [-0.82626916  0.79890318  0.07945466]]


IMG_3315.JPG (4032x3024)
[[-0.10112942 -0.13431571 -3.010777  ]
 [ 0.41532188  1.40297731 -0.39684108]
 [-0.73929541  0.80653881  0.18891141]]


IMG_3316.JPG (4032x3024)
[[-0.14506491 -0.12910578 -3.02497325]
 [ 0.44646107  1.45260097 -0.45186741]
 [-0.77140012  0.86499663  0.30733242]]


IMG_3317.JPG (4032x3024)
[[-0.20739292 -0.10245823 -3.15267896]
 [ 0.41147525  1.4407317  -0.58986042]
 [-0.69226471  0.88705166  0.59389178]]


IMG_3318.JPG (4032x3024)
[[-0.27009873 -0.12381608 -3.08159005]
 [ 0.45139792  1.48781919 -0.70105165]
 [-0.74151645  0.95080974  0.69570985]]


IMG_3319.JPG (4032x3024)
[[-0.32580419 -0.14095583 -2.99719725]
 [ 0.44462528  1.515528   -0.84020838]
 [-0.71415118  1.00786231  0.84424917]]


IMG_3320.JPG (4032x3024)
[[-0.36281302 -0.17166566 -2.92132286]
 [ 0.40631312  1.52643132 -1.00234637]
 [-0.65807368  1.03710514  0.99172402]]


IMG_3321.JPG (4032x3024)
[[-0.40202699 -0.15575464 -2.92034054]
 [ 0.39427563  1.53058206 -1.10956558]
 [-0.62815468  1.06038973  1.17261093]]


IMG_3322.JPG (4032x3024)
[[-0.49131702 -0.17218583 -2.83771556]
 [ 0.43218881  1.51905178 -1.19584614]
 [-0.69976053  1.05909805  1.25383841]]


IMG_3323.JPG (4032x3024)
[[-0.41099307 -0.09507047 -2.07390826]
 [ 0.13208734  1.87983229 -1.65364724]
 [-0.2501472   1.14882497  2.53425206]]


IMG_3324.JPG (4032x3024)
[[-0.35513278 -0.06111871 -2.00322974]
 [ 0.10657851  1.84011793 -1.75106827]
 [-0.19203481  1.1342854   2.73276664]]


IMG_3325.JPG (4032x3024)
[[-0.15208318 -0.02459177 -1.63075545]
 [ 0.03662564  1.84591078 -1.92376507]
 [-0.06006711  1.1877992   2.95588306]]


IMG_3326.JPG (4032x3024)
[[-0.06631617 -0.00375426 -1.33880566]
 [ 0.01275454  1.80086423 -2.01166702]
 [-0.02012811  1.15351946  3.1362392 ]]


IMG_3327.JPG (4032x3024)
[[-0.06428264  0.01999908 -1.02663862]
 [ 0.00991399  1.79829555 -2.1181849 ]
 [-0.01394143  1.1865851   3.22745861]]


IMG_3328.JPG (4032x3024)
[[ 0.18492625  0.01842917 -0.59999561]
 [-0.01659759  1.78357385 -2.17253305]
 [ 0.02246939  1.16580775  3.3332516 ]]


IMG_3329.JPG (4032x3024)
[[ 0.37864038 -0.0105752  -0.14867166]
 [-0.00623154  1.82171985 -2.18323683]
 [ 0.0128408   1.19590089  3.32441733]]


IMG_3330.JPG (4032x3024)
[[ 4.01891782e-01 -2.94865806e-03  1.60054867e-01]
 [ 9.38661487e-03  1.79324746e+00 -2.20639372e+00]
 [-1.31325331e-02  1.19150523e+00  3.32107806e+00]]


IMG_3331.JPG (4032x3024)
[[ 1.90609950e-01  5.59472359e-02  2.10693703e-01]
 [ 1.93515407e-03  1.84108929e+00 -2.31171673e+00]
 [-1.09372026e-02  1.30077972e+00  3.26288080e+00]]


IMG_3332.JPG (4032x3024)
[[ 1.21578050e-01  4.43024939e-02  2.48786436e-01]
 [ 2.36042390e-03  1.79644450e+00 -2.30562005e+00]
 [-7.60293232e-03  1.26616691e+00  3.26252135e+00]]


IMG_3333.JPG (4032x3024)
[[ 0.21603072  0.03700261  0.53720043]
 [ 0.01363542  1.79854843 -2.31922368]
 [-0.02571629  1.26447713  3.28306316]]


IMG_3334.JPG (4032x3024)
[[ 0.34593139  0.04187208  0.8893904 ]
 [ 0.03803751  1.76187233 -2.30464181]
 [-0.06675944  1.22083256  3.29549205]]


IMG_3335.JPG (4032x3024)
[[ 0.52361805  0.0429765   1.27397353]
 [ 0.08586437  1.76416262 -2.26329997]
 [-0.14451754  1.20388144  3.27115124]]


IMG_3336.JPG (4032x3024)
[[ 0.55254435  0.08007978  1.57920774]
 [ 0.10833552  1.75561065 -2.17562968]
 [-0.20107277  1.16595905  3.16743203]]


IMG_3337.JPG (4032x3024)
[[ 0.60091569  0.0966391   1.88411514]
 [ 0.14621384  1.74159984 -2.10944891]
 [-0.27161703  1.15131941  3.03281318]]


IMG_3338.JPG (4032x3024)
[[ 0.51503875  0.0704086   1.97416809]
 [ 0.13898095  1.75737948 -2.07526624]
 [-0.24132877  1.16233728  3.01808431]]


IMG_3339.JPG (4032x3024)
[[ 0.58621602  0.06892747  2.20932775]
 [ 0.18157422  1.72868158 -1.97090474]
 [-0.31941317  1.10919158  2.93437437]]


IMG_3340.JPG (4032x3024)
[[ 0.57577085  0.10181742  2.28930406]
 [ 0.18406258  1.77096176 -1.97715646]
 [-0.33508267  1.14775045  2.84763768]]


IMG_3341.JPG (4032x3024)
[[ 0.49609086  0.08659661  2.8192285 ]
 [ 0.29771119  1.6487063  -1.35952082]
 [-0.51537746  1.03574203  1.92839033]]


IMG_3342.JPG (4032x3024)
[[ 0.45772495  0.08106312  2.89964331]
 [ 0.29809051  1.66092845 -1.3120173 ]
 [-0.50623442  1.05131456  1.84922077]]


IMG_3343.JPG (4032x3024)
[[ 0.45316725  0.1008223   3.06333581]
 [ 0.34863476  1.65860772 -1.21192794]
 [-0.59511727  1.04842812  1.62267728]]


IMG_3344.JPG (4032x3024)
[[ 0.42332277  0.10463339  3.39646962]
 [ 0.39662758  1.60551032 -1.10625961]
 [-0.69204453  0.98416118  1.4435919 ]]


IMG_3345.JPG (4032x3024)
[[ 0.32587651  0.099668    3.52275536]
 [ 0.35123305  1.59512064 -1.00357641]
 [-0.61424803  0.96498241  1.29506969]]


IMG_3346.JPG (4032x3024)
[[ 0.33215431  0.12539329  3.60426037]
 [ 0.45151439  1.55747832 -0.86857833]
 [-0.81585629  0.91299632  0.98668726]]


IMG_3347.JPG (4032x3024)
[[ 0.26892779  0.13075974  3.62672142]
 [ 0.43388341  1.57841221 -0.79128579]
 [-0.76638819  0.93948706  0.82464787]]


IMG_3348.JPG (4032x3024)
[[ 0.1934079   0.1498761   3.67729532]
 [ 0.41542761  1.60977032 -0.6846124 ]
 [-0.73521336  0.94901737  0.58052683]]


IMG_3349.JPG (4032x3024)
[[ 0.12380131  0.16584555  3.70808322]
 [ 0.46653345  1.60070518 -0.52909274]
 [-0.83788928  0.91577064  0.25328655]]


IMG_3350.JPG (4032x3024)
[[ 0.07026458  0.17951394  3.77490998]
 [ 0.43426846  1.63299138 -0.4621525 ]
 [-0.77761402  0.92818558  0.08300287]]


IMG_3351.JPG (4032x3024)
[[ 0.02376413  0.18961796  3.84119969]
 [ 0.39950896  1.63826785 -0.39410153]
 [-0.72604134  0.90767393 -0.09113027]]


IMG_3352.JPG (4032x3024)
[[-0.02019535  0.19760221  3.88481761]
 [ 0.3688503   1.61025739 -0.31818357]
 [-0.67269245  0.87700297 -0.29109493]]


IMG_3353.JPG (4032x3024)
[[-0.09665304  0.17156305  3.82942973]
 [ 0.38916389  1.57032959 -0.11819217]
 [-0.72445152  0.82066704 -0.57439614]]


IMG_3354.JPG (4032x3024)
[[-0.16370339  0.11309995  3.66116458]
 [ 0.36879377  1.52386704  0.0977241 ]
 [-0.73741173  0.7370073  -0.76389485]]


IMG_3355.JPG (4032x3024)
[[-0.13582397  0.08213233  3.55026979]
 [ 0.25664796  1.55355101  0.18519959]
 [-0.53926172  0.71868658 -0.80606619]]


IMG_3356.JPG (4032x3024)
[[-0.3567918   0.07713629  2.7333607 ]
 [ 0.39514813  1.46411067  0.38605674]
 [-0.76427724  0.72096744 -1.07643017]]


IMG_3357.JPG (4032x3024)
[[-0.30529368  0.08013207  2.72137065]
 [ 0.34057349  1.49119004  0.40723294]
 [-0.63669233  0.75923011 -1.08706277]]


IMG_3358.JPG (4032x3024)
[[-0.3893363   0.06592744  2.59813602]
 [ 0.3650375   1.52632974  0.5479808 ]
 [-0.65423954  0.81239304 -1.2403945 ]]


IMG_3359.JPG (4032x3024)
[[-0.40133908  0.060431    2.46574788]
 [ 0.32875149  1.48752098  0.62045132]
 [-0.58363614  0.79633761 -1.34608984]]


IMG_3360.JPG (4032x3024)
[[-0.45541754  0.08267087  2.33908623]
 [ 0.31069842  1.40694146  0.64330148]
 [-0.56100027  0.71209363 -1.54258059]]


IMG_3361.JPG (4032x3024)
[[-0.47472189  0.07718588  2.20415534]
 [ 0.28107211  1.41504329  0.70517868]
 [-0.51206431  0.70516022 -1.65634417]]


IMG_3362.JPG (4032x3024)
[[-0.52423186  0.08340289  1.9827186 ]
 [ 0.24883029  1.39055861  0.775591  ]
 [-0.45354078  0.6665126  -1.86623508]]


IMG_3363.JPG (4032x3024)
[[-0.59195255  0.05638733  1.76499569]
 [ 0.21377184  1.33264114  0.82101803]
 [-0.42797073  0.5876629  -2.03117432]]


IMG_3364.JPG (4032x3024)
[[-0.48275168  0.03341391  1.65646654]
 [ 0.15254159  1.33091201  0.87999973]
 [-0.31841866  0.58692796 -2.08978155]]


IMG_3365.JPG (4032x3024)
[[-0.57572083  0.04513461  1.4293206 ]
 [ 0.15503823  1.33926681  0.93369537]
 [-0.30606824  0.59350366 -2.21562079]]


IMG_3366.JPG (4032x3024)
[[-0.6672207   0.02378312  1.09993998]
 [ 0.11735413  1.45199859  0.94939361]
 [-0.26168722  0.59051201 -2.37874617]]


IMG_3367.JPG (4032x3024)
[[-0.6672223   0.00454954  0.90782944]
 [ 0.07953253  1.46908657  0.9201891 ]
 [-0.21141268  0.53830557 -2.51895525]]


IMG_3368.JPG (4032x3024)
[[-0.69531745 -0.02513817  0.60512022]
 [ 0.04014816  1.38133578  0.95683459]
 [-0.14609729  0.49923653 -2.61699245]]


IMG_3369.JPG (4032x3024)
[[-5.86128907e-01 -1.54029631e-02 -6.75276351e-03]
 [-5.82265315e-03  1.42408122e+00  1.11254137e+00]
 [-1.08206089e-03  6.80359988e-01 -2.32884548e+00]]


IMG_3370.JPG (4032x3024)
[[-0.58025937 -0.03306323 -0.10101724]
 [-0.02102787  1.35767627  1.08788207]
 [ 0.01503577  0.62276749 -2.37702138]]


IMG_3371.JPG (4032x3024)
[[-0.52444577 -0.03291018 -0.27585785]
 [-0.03389475  1.37144897  1.10785397]
 [ 0.04525789  0.64575077 -2.36692515]]


IMG_3372.JPG (4032x3024)
[[-0.46748036 -0.03993037 -0.48734424]
 [-0.04933546  1.31952991  1.06424442]
 [ 0.07561514  0.61406947 -2.31856855]]


IMG_3373.JPG (4032x3024)
[[-0.40640594 -0.05805128 -0.68876532]
 [-0.06063733  1.35815815  1.07628998]
 [ 0.09164773  0.64118016 -2.34217434]]


IMG_3374.JPG (4032x3024)
[[-0.29184094 -0.07692496 -0.92254327]
 [-0.06027312  1.42965153  1.07386558]
 [ 0.09007252  0.70742669 -2.27051111]]


IMG_3375.JPG (4032x3024)
[[-0.15083744 -0.03730391 -1.21997776]
 [-0.03601202  1.44397164  1.06371066]
 [ 0.06536586  0.70944536 -2.22917512]]


